1000873646
100129592
100576823
1007118426
100927030
100943356
101042100
1026154396
103322804
104099853
1051925669
105779716
1060933584
1064910582
107898419
1079613872
109920966
110104738
1103193744
111689280
112441388
1128113763
112859636
1128624270
1131971016
1144247111
1147172682
115367739
115659677
116379496
116862387
1179737696
1180998562
118753866
1195740931
119966072
120658948
122340886
1229066646
123864410
1248777303
1249185508
1257564263
1264143534
126872365
1271344120
127518754
12782201
12846027
1288141256
128905923
1306855618
13075942
131536
131800818
1339532540
134441658
13646826
136748962
1369426671
1372045886
1380688496
1387705192
1395162302
1397670773
1411179940
141645639
1418930091
1443130488
1455670850
1458711685
1471140619
1472323019
1472622137
147561788
1477997213
148489845
1516707027
1520800974
1520818176
153241188
1544151863
154613092
1566615401
1589416085
159370429
159576340
161692336
1623471267
163134957
1633601244
163611275
166435262
166880845
1691763376
1693103585
1705872613
170870531
17107166
1725087290
1744845459
1752284955
1764280216
1770655438
1774066094
180165784
1803977905
1807911200
181467335
181469344
1815229447
1816317161
182703414
183804060
184215493
184222409
1843871979
184413469
187059793
188121741
188397935
191852061
193975060
1946892845
1958533692
196402376
197202700
197847472
198026691
2015277350
202446613
2040568408
2042444118
2048525304
2053212293
2058506789
2068876821
2077123312
2078354136
2078550523
2082098773
2085032571
2086508908
2087471178
2090117367
2090528951
2105865420
2106600422
2107424783
2109997307
2112975234
2122964509
2125617434
2125745217
212619534
2141110429
21428583
2149309015
2150626543
215423044
2158828038
2159048105
2171162330
2172553199
2180614528
218156758
2183616144
218995056
2193227937
2197397655
2206268762
2206460673
2215615034
2220995578
2225212521
2225363244
2226205602
2228667908
2234368246
2234656053
2234683127
2236801528
2236807904
2243880403
2248113749
2248134717
2249968851
2253955698
2254422645
2254737769
2259965088
226481576
2272867297
227353481
2276287523
2282109830
2287161196
2289145632
2292538261
2308771482
2314132299
2315507248
231572310
2320142585
2327409323
2329722916
2333001288
2334013802
2334934302
2335377326
233566351
2335847713
2360029480
2365662534
2369437460
2380074772
2381494554
2385146910
2385325227
2385461222
2389251352
2390737227
2403192001
2405204621
2407069251
2409839162
2413056988
2419385808
2420549144
2427857019
2428552288
2430833577
2433411353
2436387779
2436446617
2436583622
2438473840
2439077428
2439535611
2441061671
2443975324
2448082179
2448797751
2453560742
2454865714
245515312
2461194848
2464763
2466943120
2467220016
2467222214
2469628050
247097617
2474723145
2479457673
248030027
2488770094
2489096167
2489670676
2489867886
2490295536
2490926194
2492654975
2494092086
2496132943
2503099917
250672711
2507388875
250746158
2510761268
2511808281
2524382851
253194706
253276262
2539736972
2542138506
2542470198
2545566381
2549135984
255291570
2553342401
2553827885
2557500833
2563309326
2574556897
2582154972
2583816472
2589749540
2601450616
2606391630
261307856
2617325169
2620105152
2631712298
2641198065
2651349710
2652574852
2668554304
267048970
2674871095
267666696
2681527515
269065747
2694880873
2698024120
2702354379
2714359009
2720279319
272437096
272576613
2727331566
2730849000
2740308799
2740962986
277844889
279097057
280380720
289441948
291961900
293433150
296757900
296761846
296871332
296875515
298358169
298976185
300345641
30813349
311203286
311254032
313440663
315915893
316390467
317040275
317349337
321513614
324191275
327549104
328331407
330141066
335291712
335422646
335632221
337787518
345569699
348034982
348171751
348514689
351962345
35291963
355614038
355796802
35959562
360916290
362758494
36346742
365683130
369290080
369354361
370105578
370872298
372965489
374240770
375332675
378181975
37992293
384574377
390238534
394258144
396539178
397970772
398023177
398427298
399288683
399506122
400004362
400611174
409801306
413471454
417312213
421790319
421859222
423776695
424659791
429385909
431453514
431486076
432735173
436725564
441719495
4463044
446331170
448102513
449732756
45079629
451354424
452569288
453963806
455098730
458512289
45856656
462593470
46281641
463949504
468372577
469566890
478171458
479932064
48051990
482507085
484792784
485061056
485699189
486309957
487760022
490789900
491100266
491704437
493474020
500013141
500600529
503093231
504190827
506346010
506934508
509194692
511636662
512497799
517425868
52110266
524239408
528383477
529017150
530297336
530818944
539526216
54089879
542490862
54939459
549869554
552635683
55284426
556846
563774201
570217387
5718238
575321639
578225454
579260851
581445230
581917122
584134412
588940949
59031725
604752937
61283785
613001482
638364413
67024326
69218440
69492025
696014183
70140797
7028898
71632962
73292631
744292536
745200435
746424864
753161156
75613163
764973690
765774646
769634554
777675231
783368986
79017709
825542216
82737206
83437415
847711005
848780085
85625729
862958168
86314462
86330959
865176492
865194825
87134445
89317915
901542377
902820093
905978991
916047632
92301163
941137762
96482515
97267732
97920195
980308862
