1000873646
100129592
100576823
1007118426
100927030
100943356
101042100
1026154396
103322804
104099853
1051925669
105779716
1060933584
1064910582
107898419
1079613872
109920966
110104738
1103193744
111689280
112441388
1128113763
112859636
1128624270
1131971016
1144247111
1147172682
115367739
115659677
116379496
116862387
1179737696
1180998562
118753866
1195740931
119966072
120658948
122340886
1229066646
123864410
1248777303
1249185508
1257564263
1264143534
126872365
1271344120
127518754
12782201
12846027
1288141256
128905923
1306855618
13075942
131536
131800818
1339532540
134441658
13646826
136748962
1369426671
1372045886
1380688496
1387705192
1395162302
1397670773
1411179940
141645639
1418930091
1443130488
1455670850
1458711685
1471140619
1472323019
1472622137
147561788
1477997213
148489845
1516707027
1520800974
1520818176
153241188
1544151863
154613092
1566615401
1589416085
159370429
159576340
161692336
1623471267
163134957
1633601244
163611275
166435262
166880845
1691763376
1693103585
1705872613
170870531
17107166
1725087290